IMAGE F Q FRC E QS
100007.jpg 0.132638 0.0765556 -0.143467 0.168501 0.745685 
100039.jpg -0.15378 -0.13904 -0.163565 -0.161023 0.784826 
100075.jpg 0.231625 0.245467 0.161647 0.244938 0.838758 
100080.jpg 0.144229 -0.0625717 0.180357 0.191685 0.702107 
100098.jpg 0.217266 0.219558 0.13583 0.218867 0.876476 
100099.jpg 0.223059 0.206629 -0.187282 -0.178515 0.557131 
10081.jpg 0.152683 0.146404 -0.0510816 0.163341 0.703204 
101027.jpg 0.0908719 0.12957 -0.170518 0.0358824 0.502582 
101084.jpg -0.243863 -0.225682 0.168871 -0.244256 0.829894 
101085.jpg 0.196566 0.12241 0.0423452 0.215018 0.873815 
101087.jpg 0.168909 0.0550413 -0.13244 0.164369 0.739885 
102061.jpg 0.0451817 0.0327349 0.086012 -0.0431088 0.506882 
102062.jpg 0.367051 0.390319 0.284514 0.398819 0.736304 
103006.jpg -0.0508252 -0.0474335 0.037873 -0.0514988 0.847862 
103029.jpg 0.385096 0.386682 -0.2484 0.39348 0.93798 
103041.jpg -0.00880443 -0.0291837 0.0154442 0.000803224 0.507378 
103070.jpg 0.256288 0.268772 0.280997 0.293226 0.797485 
103078.jpg 0.265574 -0.265287 0.228278 0.251238 0.53505 
104010.jpg 0.0935091 0.0894068 0.00508973 0.15445 0.882515 
104022.jpg 0.240831 0.246466 0.285133 0.306141 0.684171 
104055.jpg 0.155375 0.12592 0.0750026 0.190032 0.766305 
105019.jpg 0.046788 0.0469284 0.00339753 -0.0195289 0.547345 
105025.jpg 0.0225233 -0.0939534 0.194872 0.191961 0.560013 
105027.jpg -0.0512596 -0.0500806 -0.00900199 -0.0544945 0.707256 
105053.jpg 0.0147578 0.0148889 0.0157107 0.0126639 0.938476 
106005.jpg 0.129265 0.177572 -0.0809137 -0.0212217 0.552619 
106020.jpg -0.129378 -0.294175 0.332073 0.337098 0.496015 
106024.jpg 0.117016 -0.22166 -0.1642 0.198365 0.564376 
106025.jpg -0.299855 -0.300314 0.136283 0.300381 0.84499 
106047.jpg -0.0733823 -0.0734311 -0.0737815 -0.069605 0.962953 
107014.jpg 0.174382 0.193554 0.0452594 0.186457 0.667246 
107045.jpg 0.0715147 0.0105083 -0.123369 0.11513 0.588032 
107072.jpg 0.118018 -0.0841646 0.155286 0.152268 0.505723 
108004.jpg -0.0399596 -0.0387492 0.0350622 -0.0408794 0.790572 
108005.jpg 0.141301 0.144021 -0.0297369 0.168233 0.926909 
108036.jpg 0.244098 0.225729 0.161853 0.28908 0.637241 
108041.jpg 0.209077 0.205029 0.0784496 0.269177 0.858562 
108069.jpg -0.0928714 -0.0928722 0.0928626 -0.0928723 0.9557 
108070.jpg 0.243266 0.268568 -0.247381 0.258471 0.799133 
108073.jpg -0.267278 -0.262091 0.252189 -0.272106 0.460951 
108082.jpg 0.433828 0.433895 -0.433534 0.436666 0.762926 
109034.jpg 0.0525239 0.0141287 0.173956 0.105158 0.595226 
109053.jpg 0.302795 0.290123 0.355714 0.36056 0.71121 
109055.jpg 0.172792 0.168309 0.253563 0.232795 0.717066 
112056.jpg 0.245239 -0.377537 0.22719 0.379521 0.752947 
112082.jpg 0.275257 0.178829 0.312422 0.315128 0.638973 
112090.jpg 0.179929 0.190446 0.185635 0.189278 0.69186 
113009.jpg 0.0768632 0.0904159 -0.141545 0.0537646 0.933112 
113016.jpg 0.22064 0.220601 -0.25277 0.245125 0.961824 
113044.jpg 0.239222 0.25363 -0.275715 0.273806 0.956661 
117025.jpg 0.260513 0.261603 -0.261916 0.23173 0.548547 
117054.jpg 0.298755 0.272568 0.300485 0.317333 0.910575 
118015.jpg 0.136132 0.0947979 -0.0336872 0.181899 0.739263 
118020.jpg -0.131598 -0.126248 -0.0468232 -0.125499 0.542457 
118031.jpg -0.00386643 -0.0280954 -0.0290705 0.0546429 0.714884 
118035.jpg -0.0373237 0.0681572 -0.0232869 -0.04238 0.512927 
118072.jpg 0.0659631 0.071775 0.146894 0.104814 0.646906 
119082.jpg -0.0171004 -0.0169006 -0.0172609 -0.0162675 0.83014 
120003.jpg 0.37184 0.372245 -0.314971 0.372234 0.978875 
12003.jpg -0.206997 -0.206984 -0.20692 -0.206973 0.971991 
120093.jpg -0.00159495 0.0161206 -0.118054 0.0081267 0.888039 
12074.jpg 0.327746 0.323373 -0.333306 0.356159 0.934933 
12084.jpg -0.0128179 -0.00891909 -0.0660127 -0.00711416 0.880954 
122048.jpg 0.325988 0.190373 0.37885 0.363298 0.750579 
123057.jpg -0.0181111 -0.0132258 -0.0130677 -0.0192565 0.794014 
123074.jpg 0.218991 0.219796 0.216298 0.198782 0.847968 
124084.jpg -0.199174 -0.150233 -0.136094 -0.200943 0.445872 
126007.jpg 0.054419 0.0948193 0.0985513 -0.00821611 0.667557 
126039.jpg -0.165589 -0.183176 0.177767 -0.14785 0.552759 
128035.jpg 0.105508 0.0700494 -0.145261 0.113503 0.672421 
130014.jpg -0.0188769 -0.00400194 -0.0484489 -0.00560794 0.884387 
130026.jpg -0.0207216 -0.0161814 -0.0442075 -0.0190203 0.62577 
130034.jpg -0.0993606 -0.099356 -0.0992253 -0.0949017 0.399113 
130066.jpg 0.0700438 -0.0103728 0.176562 0.179972 0.518393 
134008.jpg -0.017481 -0.0174953 -0.0170765 -0.0185059 0.736253 
134035.jpg 0.138002 0.151886 0.16375 0.20177 0.656075 
134049.jpg 0.128854 0.132127 0.005457 0.0991006 0.757345 
134052.jpg 0.164947 0.102426 0.291626 0.262053 0.604328 
134067.jpg 0.202124 0.216761 0.102418 0.194829 0.702874 
135037.jpg 0.0354479 -0.174642 0.154759 0.125486 0.542071 
135069.jpg -0.0136408 -0.00345251 0.0380569 -0.0376463 0.449933 
138032.jpg 0.192172 0.207443 0.233252 0.217726 0.670429 
138078.jpg -0.253993 -0.239112 0.222493 -0.265002 0.75456 
140006.jpg 0.0863755 0.0879971 -0.0754113 0.108632 0.755184 
140055.jpg 0.109023 0.128436 -0.130926 0.0787045 0.441943 
140075.jpg -0.149945 -0.149566 0.16968 -0.143712 0.971889 
140088.jpg -0.23973 0.251098 0.253166 -0.230448 0.555014 
14037.jpg 0.176115 -0.100608 0.00393523 0.14923 0.662971 
14085.jpg 0.226932 0.204088 0.290839 0.275407 0.689604 
14092.jpg 0.0328625 0.0379334 -0.0407616 -0.00749746 0.475934 
141012.jpg 0.195738 0.179131 0.28517 0.332914 0.744292 
141048.jpg 0.168935 0.187215 0.227623 0.184946 0.615726 
143090.jpg 0.2198 0.200363 -0.0446733 0.224089 0.859533 
144067.jpg 0.286019 0.303881 0.309446 0.280483 0.730372 
145014.jpg 0.137292 0.177533 0.251294 0.167779 0.86346 
145053.jpg 0.21693 0.178925 0.202275 0.250182 0.728463 
145059.jpg 0.25275 0.25624 0.209473 0.256557 0.761912 
145079.jpg 0.167237 0.184383 0.178558 0.185199 0.773984 
145086.jpg 0.082151 0.100104 0.0876707 -0.00766444 0.450868 
146074.jpg 0.176081 -0.245667 0.240656 0.204735 0.62141 
147021.jpg 0.179153 0.113077 0.0774698 0.286681 0.78854 
147062.jpg 0.206998 0.22173 -0.0597043 0.223364 0.796095 
147077.jpg 0.186613 0.154316 0.154615 0.234343 0.963185 
147080.jpg 0.209644 0.175053 0.157345 0.221095 0.869309 
147091.jpg 0.266944 0.262657 -0.227143 0.280219 0.741239 
148026.jpg 0.119505 -0.23722 0.219905 0.152109 0.578783 
148089.jpg -0.0677646 -0.0662682 -0.0681524 -0.0328272 0.976043 
15004.jpg 0.162054 0.165151 0.14191 0.173414 0.582732 
15011.jpg 0.148321 0.0107758 0.0190883 0.16481 0.492994 
15062.jpg 0.101441 -0.0810471 0.106292 0.106456 0.570889 
15088.jpg 0.225184 0.222894 0.220513 0.189446 0.723571 
151087.jpg 0.308707 -0.162466 0.305494 0.328315 0.730621 
153077.jpg 0.153472 0.180112 -0.174007 0.136072 0.780987 
153093.jpg 0.11679 0.117876 0.0257407 0.119271 0.650763 
155060.jpg 0.123832 0.0799072 -0.111546 0.136651 0.631292 
156054.jpg 0.165512 0.086425 0.055299 0.204915 0.563596 
156065.jpg 0.250183 -0.12047 0.196278 0.231716 0.486721 
156079.jpg 0.293233 0.297932 -0.0325459 0.301359 0.747028 
157032.jpg -0.169044 -0.166398 -0.128839 -0.166329 0.989403 
157036.jpg -0.314151 -0.23228 -0.308065 -0.332495 0.507399 
157055.jpg 0.0250786 -0.0905645 0.155708 0.0142084 0.574521 
157087.jpg -0.00187481 0.0466837 -0.0753031 -0.0159199 0.598278 
159002.jpg 0.0704066 0.0807752 -0.0676658 0.0395733 0.522838 
159008.jpg 0.170568 0.191715 -0.194351 0.167265 0.698314 
159022.jpg -0.0411023 -0.0488004 0.0670936 -0.0462119 0.580392 
159029.jpg -0.133384 -0.129915 -0.13465 -0.13449 0.797105 
159045.jpg 0.0918338 0.020208 0.122109 0.123832 0.56461 
159091.jpg 0.167773 0.162426 -0.109884 -0.175015 0.858936 
160006.jpg 0.170398 0.168248 -0.123484 0.157228 0.945214 
16004.jpg 0.248497 0.25506 0.273236 0.260467 0.86005 
160067.jpg 0.0236612 0.0269782 -0.0040272 0.0145001 0.698581 
160068.jpg 0.00413502 -0.004768 -0.0179643 -0.0198222 0.743486 
16052.jpg 0.159499 0.161126 0.267627 0.217284 0.613215 
16068.jpg -0.00424103 -0.00567228 -0.00790476 -0.000920054 0.855299 
16077.jpg 0.156961 0.157502 0.125699 0.151749 0.914985 
161045.jpg 0.0768999 0.0781536 0.0782102 0.0777127 0.813396 
161062.jpg -0.404342 -0.41297 -0.402117 0.422319 0.750125 
163004.jpg 0.0689298 0.0705386 -0.0204646 0.0752151 0.824632 
163014.jpg 0.111223 0.117264 0.112047 0.0702873 0.787517 
163062.jpg 0.263561 0.261537 -0.0161649 0.259079 0.816362 
163085.jpg 0.171302 0.174894 -0.189384 0.189616 0.782717 
163096.jpg 0.282156 0.286965 0.269316 0.25529 0.628832 
164046.jpg 0.119743 0.125596 0.127556 0.118337 0.722048 
164074.jpg -0.0380603 -0.0343178 0.0959323 0.0154009 0.459321 
166081.jpg 0.24683 -0.253521 0.15811 0.26366 0.45659 
167062.jpg 0.365354 -0.416508 -0.426986 0.418136 0.55799 
167083.jpg -0.0337295 -0.0331715 -0.0333204 -0.0337425 0.920932 
168084.jpg 0.282914 0.284036 0.28552 0.284343 0.848932 
169012.jpg 0.264927 0.0864201 0.319721 0.320425 0.552562 
170054.jpg 0.0686941 0.0204924 0.213881 0.144935 0.593896 
170057.jpg 0.0222196 0.0204066 -0.0303209 0.0255537 0.751136 
17067.jpg -0.0748531 -0.0677339 0.113028 -0.119522 0.548956 
172032.jpg -0.168398 -0.139807 0.0441433 -0.176239 0.745579 
173036.jpg -0.0285897 -0.0255763 -0.0108662 -0.0372168 0.507212 
175032.jpg 0.057942 0.0614392 0.0724275 0.0711902 0.749129 
175043.jpg -0.163284 -0.162671 0.0902295 -0.162918 0.808245 
175083.jpg 0.0451872 0.0452872 0.0279207 -0.0835949 0.522049 
176019.jpg 0.0912966 0.0892757 0.0359562 -0.0110134 0.490053 
176035.jpg 0.276834 0.22541 -0.297045 0.326755 0.914196 
176039.jpg 0.303804 -0.290311 0.184932 0.193353 0.631994 
176051.jpg 0.19078 0.176487 0.208637 0.269325 0.825906 
178054.jpg 0.453907 0.451415 0.226054 0.453983 0.814185 
179084.jpg 0.182217 -0.342697 0.107754 0.346475 0.47479 
181018.jpg -0.0580208 -0.304676 0.300643 0.280543 0.629458 
181021.jpg -0.228919 -0.223545 0.231583 -0.229663 0.573222 
181079.jpg 0.001112 0.00120717 -0.00365627 0.00262285 0.571098 
181091.jpg 0.167997 0.100338 -0.113091 0.223915 0.740067 
182053.jpg 0.31874 0.312778 0.320463 0.320151 0.74257 
183055.jpg -0.116812 -0.116806 0.115348 -0.116505 0.946055 
183066.jpg 0.107052 -0.288262 0.336122 0.29523 0.570173 
183087.jpg -0.092553 -0.0811455 -0.11703 -0.0951541 0.702767 
185092.jpg 0.0390882 0.0428192 -0.0463283 0.0215066 0.641609 
187003.jpg -0.16758 -0.150448 -0.165683 -0.173584 0.889273 
187029.jpg 0.258387 0.265231 -0.144713 0.269961 0.862946 
187039.jpg -0.02544 -0.00717357 -0.0461868 -0.0700048 0.479836 
187058.jpg 0.210344 0.214837 0.205867 0.218511 0.647005 
187071.jpg -0.0679057 -0.0643713 -0.0825798 -0.0614565 0.963575 
187083.jpg -0.068331 -0.0661938 -0.0900183 -0.0504465 0.817658 
187099.jpg 0.104831 0.133529 -0.16163 0.0453155 0.658269 
188005.jpg -0.00319987 0.118836 -0.15223 -0.0976244 0.44544 
188025.jpg -0.0386707 0.00952343 0.00287386 -0.0400566 0.572081 
188063.jpg 0.0132033 0.00875315 -0.0309886 -0.0126909 0.451748 
188091.jpg 0.113099 0.113668 0.114954 0.0892815 0.683829 
189003.jpg 0.133022 0.0558028 0.227102 0.198074 0.624723 
189006.jpg -0.0201367 -0.102017 0.0436717 0.0329044 0.667412 
189011.jpg 0.0666615 0.0165448 0.0360251 0.154451 0.745325 
189013.jpg 0.220696 0.205744 -0.235293 0.233235 0.541769 
189029.jpg -0.226026 -0.22721 0.191155 -0.233564 0.580184 
189080.jpg 0.337119 0.304151 -0.266327 0.365333 0.877235 
189096.jpg 0.27298 0.248096 0.238516 0.271289 0.617585 
19021.jpg 0.149192 0.0507118 0.180886 0.188189 0.631869 
196015.jpg 0.132049 0.129003 -0.103627 0.160426 0.50619 
196027.jpg 0.472161 0.470726 -0.00662898 0.472182 0.879321 
196040.jpg 0.0932933 0.10404 -0.119774 0.0718738 0.709368 
196062.jpg -0.0539285 0.0217281 0.00139238 -0.0908381 0.333407 
196073.jpg 0.113412 0.113335 0.0713256 0.115858 0.451751 
196088.jpg 0.139495 0.138941 -0.011665 0.139624 0.733547 
197017.jpg 0.0460892 0.0470474 -0.0308171 0.0368134 0.903995 
198004.jpg 0.259626 0.232958 -0.301308 0.311021 0.758145 
198023.jpg 0.375212 0.318393 0.37945 0.386001 0.796261 
198054.jpg -0.0144159 -0.017846 0.0191093 0.0205239 0.711233 
198087.jpg 0.220699 0.21459 -0.17495 0.220069 0.864587 
20008.jpg 0.276199 0.242767 -0.060803 0.350197 0.72586 
20069.jpg -0.0099511 0.0038438 0.00519664 -0.0246234 0.84083 
201080.jpg 0.266948 0.263661 -0.257362 0.265277 0.921949 
2018.jpg 0.171744 0.199832 0.170546 0.266693 0.612594 
202000.jpg -0.0614828 -0.0618375 -0.0613394 -0.0613745 0.845701 
202012.jpg 0.271893 0.197842 0.339217 0.344322 0.612789 
206062.jpg 0.126577 -0.323372 0.29099 0.32369 0.499374 
206097.jpg 0.0701209 0.0361663 0.0344226 0.0655943 0.453016 
207038.jpg 0.168035 0.185912 0.147912 0.20199 0.698896 
207049.jpg -0.0176799 -0.0591422 -0.047364 0.121659 0.749548 
207056.jpg -0.0429722 -0.0421314 -0.0450945 -0.0455061 0.81031 
208001.jpg 0.131653 0.153778 0.0260631 0.15046 0.641006 
208078.jpg -0.111362 -0.111109 -0.110727 -0.111554 0.837808 
209021.jpg 0.2283 0.220496 0.261888 0.271443 0.747311 
209070.jpg 0.130819 0.12373 0.133051 0.132959 0.626934 
2092.jpg 0.343698 0.355851 -0.365237 0.383073 0.502063 
210088.jpg -0.213884 -0.208136 -0.0749963 -0.215215 0.796956 
21077.jpg 0.253823 0.28016 0.383781 0.376155 0.843509 
216041.jpg -0.00458348 -0.00348735 -0.002405 0.0147273 0.763719 
216053.jpg 0.0664647 0.0898727 0.0443242 0.0711041 0.754329 
216066.jpg -0.0408601 -0.0109831 -0.0745395 -0.0337011 0.72807 
216081.jpg 0.070745 0.0380205 -0.0163789 0.0715092 0.511891 
217013.jpg -0.16276 -0.148883 0.168335 -0.205167 0.610103 
217090.jpg -0.279681 -0.279362 -0.277811 -0.279708 0.699607 
219090.jpg 0.00933262 0.0105635 -0.0281218 -0.0189344 0.499082 
220003.jpg 0.087902 0.111081 0.089227 0.141429 0.914404 
220075.jpg 0.00966307 -0.000345375 0.105619 0.0377207 0.483813 
22013.jpg -0.251104 -0.202849 -0.119784 -0.2534 0.56334 
22090.jpg 0.0623419 0.0644166 -0.0614005 0.01761 0.461277 
22093.jpg 0.0967607 0.113206 0.107371 0.0314055 0.762315 
223004.jpg -0.0234814 0.000138334 -0.0718746 -0.0195021 0.816683 
223060.jpg 0.17879 0.178499 -0.148654 0.177182 0.661217 
223061.jpg -0.263628 -0.251536 0.25374 -0.264045 0.747579 
225017.jpg -0.233865 -0.213557 0.11618 -0.251006 0.673107 
225022.jpg 0.0433467 0.0403167 0.086035 0.105668 0.833362 
226022.jpg 0.0515657 0.048085 -0.155181 0.132885 0.755845 
226033.jpg 0.0910464 0.095494 0.0981776 0.14933 0.669994 
226043.jpg 0.13753 -0.140764 0.117111 0.147059 0.453489 
226060.jpg -0.0176593 0.114855 0.0163433 -0.0612451 0.45393 
227040.jpg 0.389835 0.389452 0.363899 0.390424 0.777511 
227046.jpg -0.242928 -0.234517 -0.0936651 -0.244709 0.709128 
227092.jpg -0.231357 -0.231816 0.22987 -0.226454 0.976633 
228076.jpg 0.0506876 0.0325145 -0.133231 0.109248 0.807336 
229036.jpg 0.280248 0.277556 -0.311494 0.310015 0.933202 
230063.jpg 0.134167 0.197485 -0.0640794 0.137296 0.600005 
230098.jpg -0.126725 -0.124505 0.0401578 -0.126766 0.73797 
23025.jpg 0.189006 0.195263 -0.19446 0.195059 0.740391 
23050.jpg 0.272542 -0.270562 0.315095 0.318357 0.585758 
23080.jpg 0.114518 -0.0839752 0.198646 0.156066 0.726603 
23084.jpg 0.00800827 0.0141149 -0.0242059 -0.00425823 0.899569 
231015.jpg 0.104127 0.06958 -0.148406 0.14715 0.744281 
232038.jpg -0.0382701 -0.0342557 0.0394993 0.0065182 0.504829 
232076.jpg 0.294297 0.200226 0.292981 0.310857 0.572796 
235098.jpg 0.0321065 0.0375512 0.0479975 0.0217856 0.846097 
236017.jpg -0.00565341 -0.00469843 0.0652389 -0.0352288 0.608881 
236037.jpg 0.0623852 0.0474999 -0.0233733 0.0962622 0.733435 
238011.jpg -0.0933812 -0.0961421 0.0269523 -0.0968566 0.669742 
238025.jpg -0.0579847 -0.0583627 0.0585366 -0.0578722 0.854374 
239007.jpg 0.0392491 0.0326146 -0.0673508 0.0772359 0.937589 
239096.jpg 0.151321 0.13294 -0.172359 0.181206 0.507346 
24004.jpg -0.173575 -0.175257 0.214593 -0.0882045 0.920734 
24063.jpg -0.0966064 -0.155505 0.122681 -0.0852562 0.797722 
24077.jpg -0.0776828 -0.0517503 0.0227343 -0.0755716 0.73794 
241004.jpg 0.384391 0.393335 -0.391433 0.393341 0.950082 
241048.jpg -0.000332739 0.00563558 0.0638328 0.00836744 0.889338 
242078.jpg -0.0550642 0.00520322 -0.0689603 -0.0439163 0.627944 
243095.jpg 0.0345534 0.00433178 0.056295 0.0434164 0.860622 
245051.jpg -0.00151592 0.00227956 0.00950928 -0.00115817 0.736987 
246009.jpg 0.214575 0.20815 0.225116 0.224684 0.921691 
246016.jpg 0.0503305 0.0415638 -0.0339648 0.0494598 0.787881 
246053.jpg -0.0219788 -0.0317295 -0.0489886 -0.040906 0.763101 
247003.jpg 0.249418 0.249405 0.202167 0.219086 0.782742 
247012.jpg -0.151786 -0.154907 -0.0074008 -0.101932 0.786062 
247085.jpg 0.227938 0.229048 -0.207755 0.22958 0.692765 
249021.jpg 0.176905 0.0837074 0.266988 0.254819 0.698974 
249061.jpg 0.000478086 0.01307 -0.0596402 0.0164354 0.855418 
249087.jpg -0.102952 -0.0904371 -0.0920316 -0.106522 0.785362 
250047.jpg -0.259724 -0.231399 -0.250711 -0.264924 0.512494 
250087.jpg 0.0461765 0.0412968 -0.0408144 0.0466068 0.787243 
25098.jpg 0.0241769 -0.123156 0.151256 0.0920435 0.675996 
253016.jpg 0.149822 0.113544 0.114891 0.168046 0.756728 
253027.jpg -0.109804 -0.109672 -0.104022 -0.109707 0.808822 
253036.jpg 0.0402042 0.0424107 -0.0445502 0.0235487 0.610125 
253055.jpg 0.020158 0.0202363 -0.0196944 0.0188462 0.681651 
253092.jpg 0.164622 0.169085 0.192947 0.176634 0.794042 
254033.jpg -0.0344607 -0.0127948 -0.0685165 -0.0287502 0.955857 
254054.jpg -0.0489468 -0.0491955 0.0255881 -0.0478935 0.791028 
257098.jpg -0.0948454 -0.144118 0.139587 0.0731029 0.507715 
258089.jpg 0.00172406 -0.0562622 0.0324892 0.070751 0.452286 
259060.jpg -0.14125 -0.126782 0.0128116 -0.135187 0.862009 
260058.jpg 0.0078095 0.00582441 -0.0654073 0.0513224 0.86092 
260081.jpg 0.122652 0.120588 0.102677 0.127814 0.810338 
26031.jpg 0.0187057 0.027141 0.0766171 -0.00507737 0.451846 
267036.jpg 0.175014 0.189533 -0.188239 0.184619 0.795899 
268002.jpg 0.11106 0.111024 0.0264166 0.106845 0.590363 
268048.jpg 0.289991 0.285149 -0.226425 0.286255 0.744891 
268074.jpg 0.055111 0.0712283 -0.18013 0.0793287 0.839681 
27059.jpg 0.00840645 -0.00112885 0.00852678 0.00820924 0.528478 
271008.jpg -0.206656 -0.174127 0.0592044 -0.212805 0.634823 
271031.jpg -0.174855 -0.173603 0.175487 -0.175552 0.504912 
271035.jpg 0.2617 0.255414 0.254476 0.25925 0.653488 
274007.jpg -0.014062 -0.0641498 0.15315 0.134155 0.657928 
277053.jpg -0.0328474 -0.0046886 -0.0489219 -0.0515652 0.750019 
277095.jpg 0.0502388 0.0523756 -0.0168798 0.0492102 0.750638 
279005.jpg -0.279743 -0.279479 0.16148 -0.279464 0.666924 
28075.jpg -0.0383465 -0.365045 0.35057 0.288475 0.593722 
28083.jpg 0.184001 0.174544 -0.204342 0.174574 0.892925 
28096.jpg -0.0153351 -0.0154063 -0.0143087 -0.0152129 0.499005 
281017.jpg 0.033812 -0.00983605 0.0894695 0.0580764 0.592716 
285022.jpg 0.237991 -0.212516 0.332955 0.329994 0.639986 
285036.jpg 0.0675477 0.0274309 0.0133393 0.0535837 0.51311 
285079.jpg 0.171229 0.134236 -0.164101 0.191932 0.687803 
286092.jpg 0.0804676 -0.0792945 0.0773054 0.0723119 0.831188 
288024.jpg 0.24877 0.248054 0.2444 0.21482 0.831377 
289011.jpg 0.155955 0.162281 -0.0877774 0.12497 0.614417 
290035.jpg 0.104273 0.00943681 0.216397 0.139608 0.700916 
29030.jpg 0.227449 0.219313 0.171348 0.270105 0.91959 
291000.jpg -0.0843221 -0.0800355 0.0277693 -0.0926882 0.566732 
292066.jpg 0.0291659 0.0258809 0.102065 0.04284 0.93799 
293029.jpg 0.200297 0.191534 0.0575282 0.226643 0.817843 
295087.jpg -0.0867694 -0.0982565 0.107369 -0.0781008 0.712039 
296007.jpg -0.0467495 -0.0958158 0.107678 -0.0598957 0.692671 
296028.jpg -0.193876 -0.193405 -0.194076 -0.194039 0.978295 
296058.jpg 0.0456669 0.0655885 0.0672777 0.0627023 0.77951 
296059.jpg 0.189203 0.169598 -0.140174 0.188344 0.763397 
299086.jpg -0.0167637 -0.0139909 -0.000339866 -0.0194707 0.872654 
299091.jpg -0.0570737 -0.143562 0.0337269 -0.0208542 0.562317 
300091.jpg -0.00696514 -0.0191358 -0.00824581 -0.00123389 0.68359 
301007.jpg 0.174381 0.174165 0.0989843 0.251432 0.951189 
302003.jpg 0.0623323 0.151881 -0.0644667 -0.141222 0.530403 
302008.jpg -0.239842 -0.219707 -0.111443 -0.252209 0.697929 
302022.jpg 0.346428 0.295914 0.350907 0.352407 0.833353 
304034.jpg 0.301284 0.298883 0.0464991 0.33525 0.853319 
304074.jpg -0.0763161 -0.0770474 -0.0153312 -0.0924751 0.912776 
306005.jpg 0.106906 0.0949445 0.00216652 0.105878 0.841673 
306051.jpg 0.191372 0.202478 -0.212974 0.213827 0.863211 
306052.jpg 0.0732243 0.114064 -0.11113 -0.118204 0.910499 
3063.jpg -0.239072 -0.184949 0.1433 -0.239731 0.643952 
309004.jpg 0.000625979 0.00304367 0.0018991 -0.00711851 0.65877 
309040.jpg 0.144208 0.191931 0.191747 0.170601 0.725606 
3096.jpg -0.00266746 -0.00297099 0.0048654 -0.00498311 0.598132 
310007.jpg -0.143348 -0.14159 0.121919 -0.143756 0.714233 
311068.jpg 0.141019 0.142248 -0.139823 0.105749 0.574712 
311081.jpg 0.415635 0.411775 -0.182767 0.418746 0.706563 
314016.jpg 0.264702 -0.0429616 0.309483 0.406823 0.69215 
317043.jpg -0.125733 -0.116352 0.0310015 -0.131695 0.638604 
317080.jpg 0.421051 0.427374 -0.409015 0.429529 0.920712 
323016.jpg 0.139639 0.0471342 0.145117 0.151133 0.699846 
326025.jpg 0.0941958 0.0772269 0.127082 0.114469 0.89583 
326038.jpg -0.187018 -0.187394 0.154947 -0.187209 0.981433 
326085.jpg 0.0516355 0.081757 -0.041668 -0.0420793 0.541407 
33039.jpg 0.314644 0.324553 0.326954 0.319883 0.619015 
33044.jpg 0.283099 0.279217 -0.289154 0.289214 0.863827 
33066.jpg -0.0256086 -0.0182882 0.0157271 -0.0237196 0.659029 
334025.jpg -0.0851842 -0.0966175 0.0905799 -0.0685013 0.632456 
335088.jpg 0.136753 0.149634 0.187538 0.155753 0.741814 
335094.jpg 0.0970536 0.088338 -0.0666907 0.138635 0.902801 
344010.jpg 0.148469 0.117155 -0.213307 0.185611 0.932882 
346016.jpg 0.0913469 0.108062 0.140625 0.137844 0.696196 
347031.jpg 0.116698 0.112928 -0.105229 -0.118752 0.624344 
35008.jpg 0.168399 0.182048 -0.171947 0.183201 0.747192 
35010.jpg -0.0417231 -0.029001 -0.0377592 -0.0581264 0.541739 
35028.jpg 0.159441 0.160437 -0.134079 0.159691 0.738364 
35049.jpg -0.290218 -0.248341 0.256301 0.296667 0.769387 
35058.jpg -0.0977496 -0.0935665 0.076644 -0.102829 0.805286 
35070.jpg 0.0198735 -0.0191534 -0.0558089 0.0226663 0.764166 
35091.jpg 0.424368 0.418746 0.418547 0.424568 0.647914 
351093.jpg 0.240877 0.227112 -0.104891 0.297075 0.75696 
353013.jpg -0.095736 0.129786 -0.149571 -0.150066 0.755962 
36046.jpg 0.321635 -0.212367 -0.0750265 0.3209 0.488354 
361010.jpg 0.00963403 -0.0398273 0.11176 0.0308145 0.472646 
361084.jpg 0.215877 0.216039 0.217415 0.214603 0.652127 
365025.jpg -0.0604886 -0.0605761 0.0438468 -0.0608749 0.922429 
365072.jpg -0.150592 -0.140682 -0.116629 -0.153128 0.938098 
365073.jpg -0.0567151 -0.0573361 -0.0557327 -0.056381 0.852756 
368016.jpg 0.130688 0.122947 -0.0493764 0.100391 0.722456 
368037.jpg 0.258669 0.206618 -0.300295 0.28388 0.884414 
368078.jpg -0.163076 -0.15038 0.178597 -0.196078 0.473275 
370036.jpg -0.114301 -0.128601 0.155877 -0.0214437 0.800508 
37073.jpg 0.323925 0.182414 0.280546 0.32444 0.640789 
372019.jpg 0.219877 0.217572 0.204707 0.094928 0.726836 
372047.jpg 0.247442 0.260367 -0.267001 0.254435 0.914926 
374020.jpg 0.0316561 0.0326178 -0.0124125 0.0323667 0.761115 
374067.jpg 0.135138 0.138634 -0.161749 0.179085 0.549045 
376001.jpg 0.0969364 0.0559803 0.0630907 0.0961325 0.576702 
376020.jpg 0.153433 0.192271 0.0439496 0.135088 0.612916 
376043.jpg 0.0152389 0.0224742 -0.101682 0.012695 0.77781 
376086.jpg -0.0623474 -0.0519826 0.0817319 -0.031003 0.696488 
38082.jpg 0.246094 0.244837 0.2387 0.244948 0.550149 
38092.jpg -0.0103148 -0.00915371 0.0186962 -0.0345641 0.533637 
384022.jpg -0.182613 0.0810408 -0.172019 -0.185522 0.724419 
384089.jpg 0.22272 -0.133882 -0.1676 0.175163 0.545759 
385022.jpg 0.29863 0.195551 -0.267308 0.315751 0.734764 
385028.jpg 0.209212 0.204525 0.278214 0.264475 0.798793 
385039.jpg 0.154722 -0.180108 0.22023 0.202058 0.543786 
388006.jpg 0.182773 -0.150659 0.284744 0.399087 0.788302 
388016.jpg 0.124322 0.121285 -0.0406158 0.16536 0.745468 
388018.jpg -0.057035 -0.0277959 0.0154064 -0.0129918 0.525025 
388067.jpg 0.0889568 -0.0432554 0.0830302 0.0833373 0.487447 
393035.jpg 0.0944235 0.0955182 -0.0182442 -0.0140646 0.679538 
41004.jpg 0.088337 0.109197 -0.115662 0.0419792 0.461675 
41006.jpg -0.148474 -0.120602 0.0537369 -0.156166 0.733026 
41025.jpg 0.319848 0.309922 0.309658 0.331021 0.82262 
41029.jpg -0.107214 -0.109677 0.0215082 -0.109294 0.693668 
41033.jpg 0.132876 0.132763 -0.104547 0.132741 0.557652 
41069.jpg 0.322918 -0.286758 0.219985 0.32311 0.563772 
41085.jpg 0.133222 0.107794 -0.110184 0.205881 0.52508 
41096.jpg 0.100272 0.10114 0.0182821 0.109894 0.629344 
42012.jpg -0.00797606 -0.0458575 0.0625386 0.0783549 0.538466 
42044.jpg -0.100536 -0.0955143 -0.135626 -0.0256126 0.796845 
42049.jpg -0.0764405 -0.00912569 0.110938 -0.232814 0.576554 
42078.jpg 0.176211 0.170498 0.0566521 0.158473 0.865426 
43033.jpg 0.0219308 0.0164698 0.0100339 0.00848506 0.525143 
43051.jpg -0.0395138 -0.0395182 0.0395377 -0.0395362 0.711139 
43070.jpg -0.0170973 -0.0191622 0.00029305 -0.0313079 0.662536 
43074.jpg 0.0813071 0.0948983 0.176533 0.0616607 0.723014 
43083.jpg 0.193072 0.214737 0.0300751 0.242242 0.833022 
45000.jpg 0.16409 0.160729 -0.109616 0.156474 0.672165 
45077.jpg 0.152475 0.139513 0.0786859 0.173821 0.505117 
45096.jpg 0.242218 0.260503 -0.309167 0.309008 0.78889 
46076.jpg -0.218788 -0.213834 0.207681 0.0990513 0.62364 
48017.jpg -0.133416 -0.133446 0.122318 -0.133304 0.950282 
48025.jpg 0.235236 0.231102 -0.203575 0.198652 0.69853 
48055.jpg -0.133658 -0.0876963 0.165174 -0.171592 0.519614 
49024.jpg 0.204774 0.204119 -0.140559 0.217784 0.608926 
5096.jpg 0.0677246 0.0682761 -0.0562453 0.0182698 0.652714 
51084.jpg 0.248069 -0.147208 0.245832 0.265891 0.579145 
54005.jpg 0.406551 0.406415 0.333012 0.406764 0.640804 
54082.jpg -0.12625 -0.145431 0.0586263 -0.0248899 0.493331 
55067.jpg -0.282941 -0.288612 -0.288128 0.249816 0.915537 
55073.jpg 0.163064 0.133427 0.145847 0.130032 0.551374 
55075.jpg 0.0226809 0.0116773 0.020898 0.0263368 0.772931 
56028.jpg 0.113907 0.108637 0.156936 0.138401 0.631354 
58060.jpg 0.0299702 0.0299062 0.0345871 0.0352939 0.758708 
59078.jpg 0.00278949 0.00914386 -0.0303871 0.0251447 0.678455 
60079.jpg -0.0370975 -0.0356667 -0.0260485 -0.0142917 0.695074 
6046.jpg 0.0538204 0.0455966 -0.0587736 0.0517081 0.754747 
61034.jpg -0.11834 -0.0826572 -0.081005 -0.124224 0.502144 
61060.jpg -0.0764761 -0.104345 -0.0315324 -0.00651346 0.841447 
61086.jpg 0.199781 0.199226 0.0318341 0.193949 0.920941 
62096.jpg 0.00604885 -0.0355916 -0.0220133 0.0465388 0.790298 
64061.jpg -0.162476 -0.163253 0.0547023 -0.166302 0.86872 
65010.jpg 0.148197 0.133916 0.212241 0.214246 0.775724 
65019.jpg 0.0958068 0.0246618 0.190894 0.141198 0.872233 
65033.jpg 0.0922474 -0.0176563 0.0834737 0.0887236 0.534928 
65074.jpg 0.211677 0.0348945 0.206846 0.212734 0.783895 
65084.jpg 0.24028 0.0796354 0.305112 0.295205 0.84711 
65132.jpg -0.213763 -0.220956 -0.211746 0.125047 0.861449 
66039.jpg -0.039459 -0.0715759 0.0839125 -0.00380527 0.508696 
66053.jpg 0.194012 0.194096 0.160168 0.187657 0.586647 
66075.jpg 0.108599 0.0539271 -0.166706 0.210272 0.586382 
67079.jpg 0.00715481 0.024616 -0.0367615 0.0168029 0.557757 
68077.jpg 0.0720163 0.0523667 0.202549 0.112929 0.928312 
69000.jpg -0.069055 -0.0684648 0.00928545 -0.0704226 0.834032 
69007.jpg 0.266718 0.273317 -0.181984 0.276186 0.954042 
69015.jpg 0.0749123 0.109579 0.116674 0.0500727 0.627703 
69020.jpg 0.161052 0.0982845 0.170696 0.163194 0.499656 
69022.jpg -0.0133288 -0.0131605 -0.00702299 -0.0134361 0.863732 
69040.jpg -0.0304931 -0.0309213 -0.0119742 -0.0296664 0.369623 
70011.jpg -0.196742 -0.194697 0.196899 -0.196969 0.541039 
70090.jpg 0.140987 0.139435 0.122811 0.144599 0.651981 
71046.jpg 0.269403 0.2791 -0.283004 0.284855 0.963293 
71076.jpg 0.160243 0.121169 -0.0251959 0.179529 0.709119 
71099.jpg -0.142924 -0.143975 0.147694 -0.0823265 0.772422 
76002.jpg 0.237844 0.235958 -0.102903 0.25103 0.93849 
76053.jpg -0.143754 -0.130023 -0.00805983 -0.141643 0.594469 
77062.jpg 0.143445 0.128534 0.23044 0.235998 0.734335 
78004.jpg 0.067564 0.147898 -0.0641872 0.016126 0.682977 
78019.jpg 0.0217834 0.0214285 -0.0183478 -0.010981 0.533317 
78098.jpg 0.247365 0.21998 0.139103 0.264908 0.759126 
79073.jpg 0.0448742 0.0535782 -0.0288516 0.0798733 0.939544 
80085.jpg 0.0688453 0.00722517 0.0638337 0.0850969 0.581651 
80090.jpg 0.22619 0.23263 -0.194792 0.234956 0.829852 
80099.jpg -0.123241 -0.123244 -0.123248 -0.123276 0.892515 
8023.jpg -0.113089 -0.111437 0.0622688 -0.109648 0.708319 
8049.jpg 0.126525 0.146718 -0.0206052 0.144077 0.843928 
8068.jpg 0.466443 0.469663 -0.469702 0.472416 0.82944 
81066.jpg 0.0759247 0.0855317 -0.225807 0.289592 0.50457 
81090.jpg 0.1294 0.163995 0.026613 0.176482 0.970455 
81095.jpg 0.242821 0.215219 -0.198994 0.262848 0.90817 
8143.jpg 0.129472 0.13234 0.145015 0.145203 0.608172 
85048.jpg 0.190629 0.17394 0.185304 0.184508 0.686974 
86000.jpg -0.00456075 -0.0054731 -0.00411081 -0.00372316 0.846453 
86016.jpg 0.226078 0.236711 -0.265123 0.262737 0.872664 
86068.jpg -0.148615 -0.150397 -0.126788 -0.123958 0.649503 
87015.jpg 0.101069 0.180018 -0.192052 0.122945 0.564173 
87046.jpg 0.0634869 0.0694285 0.14794 0.0724752 0.904575 
87065.jpg 0.126787 0.126283 0.0972655 0.118291 0.846238 
89072.jpg -0.000417868 0.0033433 -0.0324725 0.0192714 0.806649 
90076.jpg -0.0848044 -0.134667 0.136108 0.106488 0.712353 
92014.jpg -0.097353 -0.247443 -0.316897 0.335749 0.742945 
92059.jpg -0.0390559 0.00684473 -0.0990737 -0.00414915 0.87275 
94079.jpg 0.349825 0.350869 0.00576214 0.386887 0.623686 
94095.jpg 0.215768 0.191838 -0.252993 0.299122 0.621429 
95006.jpg 0.17748 0.180005 -0.0307264 0.177109 0.771858 
97010.jpg -0.0484091 -0.0857802 -0.0144664 0.117353 0.838615 
97017.jpg 0.105777 0.104609 0.105743 0.104454 0.854854 
97033.jpg 0.408457 0.409314 -0.379261 0.397643 0.772238 
